1436709403
1495058484
1384026889
1383927243
1900224553
1908049580
1907478234
1464325108
1849998058
1891469546
465921195
1908554420
1456659704
1360892929
1442508316
1908049566
1495077170
1417862046
1896178370
1907478232
1842728629
1849074502
1293886117
1848190450
1483221816
1297802566
167827
65766
1888903341
1308818967
1819024549
1902251868
1445761206
553755659
1808078153
26060065
1905393045
1335330283
32835565
1413142894
1882420127
1893736474
1403215687
1344897943
475479888
1842025914
1813278477
316686
31445772
1905012469
1907798162
488249475
1903428497
1335350269
1365393542
1313354324
362998
1346104327
1878315329
1809100933
1331819951
1486264538
29436904
108134
1880886636
1828026086
36496695
1907478185
1874972712
1903509018
1899705498
167876
1908015190
1807901896
1374329431
1827600686
1443838552
1908592548
30431367
1387581250
558071673
1426112587
1901049671
1897928759
1906009576
1907766514
441491828
1432632134
1811408619
1887276693
1906034595
25727803
400876320
108138
1907801055
29814898
1441758494
1873049720
1870294884
1906045793
1377574956
1858139145
1868708210
1406642934
550138197
1903329309
1903428336
1873030111
1449678888
1811921555
1906232660
1832399395
1890494798
1824025894
1865166186
1497588709
1878620183
1882041535
29803676
1449416890
1407551413
1845651956
1467444619
1804879213
1903429106
1413464902
1815105886
329925
1886371886
28285910
1303289043
1894094482
569213220
1492523043
1905157827
1903349476
1895330088
1849462549
480580003
569200210
1840808119
1896102097
1459232593
1887139866
1826025749
191171
1907349365
1489064589
1908744014
1908482743
169185
1890714308
208891
1841002409
1482867143
1870396689
298258
1892583113
525278976
1887917182
1848206679
141290
1875941511
1906952442
1908081095
1906552800
1436910205
1884020859
1405283464
1365898499
512376326
569214250
1805317558
483937795
1907820140
454698657
1903429104
28403111
1890026027
1804362955
454828887
1804614734
1805088448
1847822672
554241732
1824927085
211238
1432968475
1414783972
1363642136
1493083969
1435449062
1398663411
1895075581
35476049
1897084229
1893308058
1491221473
1822221871
1445556953
1381755293
1479526505
254574
569200213
1906977652
574921549
1847975477
1459950258
1903149553
1359818052
1413585838
31090820
1860864828
1843572449
1877996649
1863882916
1877017100
31789010
1440570723
1391891631
1336856864
570340213
1907800982
1857630559
1423241987
1815085049
1906288974
1368754688
28059417
1827109585
1819970423
1893367646
1846489646
1904639951
65533
1804320463
1872024726
1430319727
133998
1844449888
1892562874
1902849596
1906210892
1463165983
407450223
1822705522
1363205817
1908633040
1896334921
1811459887
1907801150
1498015179
1896469403
1403318151
1818237485
1803629897
496370620
1859245776
1878698259
1868943615
461347998
1394069589
1838886738
1899079967
523250334
1905385998
1813864802
1826189041
1303027499
536622304
1410647903
1900998233
1888215863
1881729540
1877472460
1854151837
1907537133
1456890009
1814636483
1824489426
1906234942
1500569811
1867217766
25706282
1888915574
1873321491
1336856777
1406649619
1487528112
1888622459
1476239407
1901371647
1868206870
1851258433
1400256289
1906266117
1359356908
1492584510
1874158536
1401671455
1806634682
541687281
1438865533
1398508295
1907797666
1908745199
460578140
1413863166
1869728598
518725853
1907710159
1861640530
1430583016
1908340090
191248
1330348068
1840192925
1869943939
1363948882
1807799505
514761281
1481164987
1899989255
65536
346576
1843704418
115569
115162
1808492017
