5006049287
467189769
1779705866
1292038160
3855863826
126998552
2024093722
1421858843
568666140
372031518
3294502942
543645726
1553801251
1577570343
1679915049
1498814508
1537081389
258093102
2021019692
1307766832
1338255413
114935863
2028521530
1885532222
1932697663
1788629056
69195842
1536084035
1833023554
3219810375
1315231816
2052108361
1778290759
617986124
600875092
1859672148
3227734
482146390
1764063319
1660598362
281077850
67201115
616912994
6289733732
1317058660
6280403047
468019313
512397426
1321414772
1540348021
1620312182
1407047797
442708088
427769978
530325628
4914892927
4018313344
2075193472
5035593861
4959717524
484434070
6374195353
1387423898
3309416602
1774764191
1850065056
1577511074
1564350630
1499816103
431302822
1301192872
3315941548
3313670317
1779935407
6358778036
1919424692
3992993974
5037103287
1758838968
1591464122
410593468
500263101
1609566400
1335609542
3983319239
1735616718
1986685134
3249283280
1541259473
646715604
1318174940
3279821021
490348768
1672859874
1987739876
3287709926
3342491880
1858320617
6291204328
5147742446
1731522799
277225714
1820989683
3222755572
1424142581
6359492860
364159229
1462915324
345051391
1523161344
3812927745
5201705219
4054905092
488179972
384176389
616096010
100370700
368068877
1400174862
593094928
2078066965
4985245975
5018730776
1426055452
4969126175
3347466527
1552519459
360462628
1702897955
1477349669
588149034
6327822635
310892844
556362030
125223219
1949903160
643045691
1519735100
574728509
3440927041
3967107393
319865156
1946181963
1570326863
2138521936
1537855825
347593046
2076928345
5109690717
6370343262
3285340511
135172447
489019746
1500623203
1693120867
330156390
5187350887
2016559465
1427661164
5105248625
1582893425
284782964
3577112953
1946968443
1759703420
3422165373
4053774717
1375474049
1549592962
576037251
3400337800
3356838281
1978438025
1719001483
561006991
378794384
1881155985
1803577760
494197156
612090277
1779192229
620261796
253553066
5083664812
1354097072
4036837808
1720562098
3321502129
1286666676
1463794105
353823172
6369581511
451226055
4987494858
1874942410
1513451980
1853854158
1956116944
402997713
551205332
483674580
561181147
6334753247
512739814
4882063847
1750104552
288098794
2049036781
1331108336
1786604017
1996411377
346360307
1328366067
1462682101
3857306109
1950308862
1395708418
3722410499
117254660
1655077381
1405331976
246909449
357390858
2017460747
3267594765
318024205
131052047
1871792654
4874000911
120707603
1806826004
2042188309
290789915
1502482973
3937378846
3251063328
405502501
429851178
64997931
332814892
1908611634
6376661555
4018676276
127869492
1370391096
2030367288
4906086970
1936196155
492661308
2104814141
2141164094
1697817152
444037697
4886178371
3258970696
1302405707
614289999
255046223
1465336400
1872265808
3255757394
1295473233
1874692693
301318747
2025546338
1975466594
1645695589
275645030
4881150566
1835651690
381960812
3862116977
1578306164
284471924
1895352951
3721630330
1408580219
347873917
1877762687
445022849
343775875
1335077508
1611471497
5141289615
591293075
1679850131
1687102104
1569714842
3722502811
4936297115
1829923488
5153589921
2020442786
312488610
299303590
1531325094
1763873448
3725621929
472064683
1708368559
3279579832
1591888568
3828855486
382403262
1790653119
446560968
308665035
46219982
5055738574
561414864
264717006
3239060178
1591184083
129731279
559874772
584428240
1536254679
1632559832
1694581460
80378587
629633755
423799518
1495786208
1886632674
3252361955
2141504227
3386450660
4938912487
1755439849
2030566122
351347436
3905686253
434987758
529937137
1947306737
295604983
5032712956
4921602813
593539837
1597805311
59919101
4019452668
1705247485
376089349
439671558
4001131271
1333517063
476502793
1487043336
4948294414
412248847
1747686163
1839696672
5143835428
5132106537
2004593451
542614319
1412338486
3293623097
5206590275
509879109
608250693
1817563976
625177423
1295496016
6356075349
1751767894
583211861
550822744
1903739737
1839158104
1662149465
3941110626
510151529
1384944493
2038666095
1592296306
575306616
1513333625
313713530
1338633087
6374146944
245910401
1460839300
3863221125
320537481
1779973004
2086996878
1502718866
1677982615
366263194
546524060
1581239201
6360368036
4981908388
2064974762
608961456
2119789489
1344760753
1540266929
1815378869
330904501
1688867768
5093755834
597967808
4954022852
6357873611
1997360080
597099482
380146655
3300365280
108100582
6290023399
1841628139
2138483695
1292430319
353844212
3584480249
1748362241
3883486210
633668610
491967492
3901049870
1737360398
1751778323
420387860
1521738774
3934200859
415986721
1874553891
3361815588
1815616553
1539671082
1405115439
1421272112
503829556
1432839220
287515701
392363067
315075654
2126986314
1509018703
3295237200
2115181652
1487707221
1485304918
5052456021
1789805656
1584446556
4042828897
5108460642
3810671715
1381327971
618464358
1364221030
255128681
1907627114
384136301
1718783086
4003097713
509975670
1350655103
1617034367
3443051651
3392453763
3951590533
2134938760
1536943249
2119349395
129725589
1888015510
6287926422
622611612
1511369886
1454101667
305894564
6378015909
309390502
1553888421
6287486124
281531566
5128688816
368878770
6345440435
300444851
3317392568
1553749177
3949622460
3888239805
63638718
4893541568
285588672
529470657
1869614272
291902660
1316334790
1437377739
615732428
474461390
1599114446
1449800916
479771861
1904483551
1743242465
1335024872
608330987
1862413547
1357221099
559713518
1326236916
1719500021
369822964
430394619
5097540862
3905430783